date:2026-03-27
daily_loss:0.0
daily_profit:11.129999999999999
consecutive_losses:0
total_loss:0
saved_at:2026-03-27T09:25:57.841779+07:00
