date:2026-03-27
daily_loss:7.04
daily_profit:11.129999999999999
consecutive_losses:1
total_loss:7.04
saved_at:2026-03-27T09:26:57.649928+07:00
